-39
-98
-98
-98
-23
-98
-94
-98
-98
-98
-98
-98
-99
-98
-98
-98
-98
-98
-98
-98
-97
-98
-97
-98
-98
-98
-98
-91
-98
-96
-96
-98
-98
-98
-98
-98
-23
-86
-97
-98
-98
-86
-90
-91
-87
-87
-98
-23
-98
-23
-98
-98
-78
-94
-90
-96
-98
-98
-98
-86
-98
-98
-98
-99
-98
-98
-98
-97
-99
-98
-98
-99
-98
-93
-98
-98
-82
-82
-81
-82
-82
-49
-98
-81
-82
-64
-81
-81
-98
-23
-23
-23
-98
-98
-98
-98
-98
-98
-98
-98
-98
-98
-98
-23
-98
-94
-98
-98
-98
-98
-98
-23
-98
-98
-94
-96
-99
-98
-98
-23
-98
-98
-98
-23
-99
-98
-98
-98
-23
-95
-99
-98
-96
-98
-99
-98
-98
-98
-98
-81
-23
-81
-81
-96
-84
-23
-98
-85
-84
-84
-78
-84
-83
-90
-90 


