-39
-17
-98
-98
-23
-23
-94
-26
-98
-98
-17
-98
-99
-23
-98
-17
-98
-98
-17
-98
-97
-98
-97
-17
-98
-98
-98
-91
-98
-96
-96
-17
-98
-34
-98
-98
-23
-86
-45
-98
-17
-86
-90
-91
-17
-87
-98
-23
-98
-23
-34
-98
-78
-94
-90
-96
-34
-98
-98
-86
-45
-98
-34
-99
-98
-34
-98
-97
-99
-34
-98
-99
-35
-93
-45
-98
-82
-82
-81
-82
-82
-49
-98
-81
-82
-64
-81
-81
-23
-23
-23
-23
-98
-98
-98
-98
-98
-98
-98
-98
-98
-98
-98
-23
-98
-94
-98
-98
-98
-98
-98
-23
-98
-98
-94
-96
-99
-98
-98
-23
-98
-98
-98
-23
-99
-98
-98
-98
-23
-95
-99
-98
-96
-98
-99
-98
-98
-98
-98
-81
-23
-81
-81
-96
-84
-23
-98
-85
-84
-84
-78
-84
-83
-90
-90 


